%YAML:1.0
---
MTX: !!opencv-matrix
   rows: 3
   cols: 3
   dt: d
   data: [ 8.1725199227016208e+02, 0., 5.0188767162752993e+02, 0.,
       8.2024642674461825e+02, 2.7626869366020884e+02, 0., 0., 1. ]
DIST: !!opencv-matrix
   rows: 1
   cols: 5
   dt: d
   data: [ 1.0191751143124936e-01, -3.6803425378164989e-01,
       -1.0511838042058664e-03, 1.2748837336806707e-05,
       7.4710821894674362e-01 ]
